%YAML:1.0
---
K: !!opencv-matrix
   rows: 3
   cols: 3
   dt: d
   data: [ 4.2362228378184125e+02, 0., 3.4719610012352427e+02, 0.,
       4.2523956075251704e+02, 2.5576293846781928e+02, 0., 0., 1. ]
D: !!opencv-matrix
   rows: 1
   cols: 5
   dt: d
   data: [ -4.3278734899355858e-01, 2.4970137226106520e-01,
       1.8648698643537851e-03, -1.2555351067340965e-03,
       -8.2191636819834060e-02 ]
