image: map_demo07.pgm
resolution: 0.025000
origin: [-13.800000, -12.200000, 0.000000]
negate: 0
occupied_thresh: 0.70
free_thresh: 0.196

