image: map_demo_tkvm.pgm
resolution: 0.025000
origin: [-13.800000, -11.400000, 0.000000]
negate: 0
occupied_thresh: 0.65
free_thresh: 0.196

