image: map_demo04.pgm
resolution: 0.025000
origin: [-14.600000, -11.400000, 0.000000]
negate: 0
occupied_thresh: 0.65
free_thresh: 0.196

