%YAML:1.0
---
K: !!opencv-matrix
   rows: 3
   cols: 3
   dt: d
   data: [ 4.2117636439081804e+02, 0., 3.4680366579180344e+02, 0.,
       4.2155377046988747e+02, 2.6120521468138003e+02, 0., 0., 1. ]
D: !!opencv-matrix
   rows: 1
   cols: 5
   dt: d
   data: [ -3.7129453433671866e-01, -5.3517744361527109e-01,
       -3.0133485910761094e-03, 7.6291481842025632e-04,
       2.0571892854464005e+00 ]
