%YAML:1.0
---
K: !!opencv-matrix
   rows: 3
   cols: 3
   dt: d
   data: [ 3.5075769498580900e+02, 0., 3.8288596330017208e+02, 0.,
       3.5048124863463272e+02, 2.7443395187982543e+02, 0., 0., 1. ]
D: !!opencv-matrix
   rows: 1
   cols: 5
   dt: d
   data: [ -3.5957137733922073e-01, 2.9367312170500615e-01,
       -1.1574313605690096e-02, -2.5881273655304706e-02,
       -1.1507842647993267e-01 ]
