%YAML:1.0
---
K1: !!opencv-matrix
   rows: 3
   cols: 3
   dt: d
   data: [ 4.2117636439081804e+02, 0., 3.4680366579180344e+02, 0.,
       4.2155377046988747e+02, 2.6120521468138003e+02, 0., 0., 1. ]
D1: !!opencv-matrix
   rows: 1
   cols: 5
   dt: d
   data: [ -3.7129453433671866e-01, -5.3517744361527109e-01,
       -3.0133485910761094e-03, 7.6291481842025632e-04,
       2.0571892854464005e+00 ]
K2: !!opencv-matrix
   rows: 3
   cols: 3
   dt: d
   data: [ 3.5075769498580900e+02, 0., 3.8288596330017208e+02, 0.,
       3.5048124863463272e+02, 2.7443395187982543e+02, 0., 0., 1. ]
D2: !!opencv-matrix
   rows: 1
   cols: 5
   dt: d
   data: [ -3.5957137733922073e-01, 2.9367312170500615e-01,
       -1.1574313605690096e-02, -2.5881273655304706e-02,
       -1.1507842647993267e-01 ]
R: !!opencv-matrix
   rows: 3
   cols: 3
   dt: d
   data: [ 9.9904750181147783e-01, 4.8137841530959133e-03,
       -4.3369535464108454e-02, -6.7270401177328071e-03,
       9.9900545032870725e-01, -4.4077853223486736e-02,
       4.3114221035518797e-02, 4.4327617753091915e-02,
       9.9808628196606142e-01 ]
T: !!opencv-matrix
   rows: 3
   cols: 1
   dt: d
   data: [ 4.2911364263131184e-02, 4.8721339880781140e-03,
       -7.6405569998396941e-02 ]
E: !!opencv-matrix
   rows: 3
   cols: 3
   dt: d
   data: [ -3.0392507292079492e-04, 7.6545550956935465e-02,
       1.4950165975551812e-03, -7.8182883875156761e-02,
       -2.2699584743863114e-03, -3.9515569933779027e-02,
       -5.1561597581849614e-03, 4.2845233378524993e-02,
       -1.6801386278280284e-03 ]
F: !!opencv-matrix
   rows: 3
   cols: 3
   dt: d
   data: [ -3.8685930805651106e-07, 9.7345860353981360e-05,
       -2.4491595044387065e-02, -9.9595708873845553e-05,
       -2.8890686853280133e-06, 1.4093560625550278e-02,
       2.5178488662019206e-02, -1.7367455780995782e-02, 1. ]
R1: !!opencv-matrix
   rows: 3
   cols: 3
   dt: d
   data: [ -4.5055473942149954e-01, -1.9221231772030653e-02,
       8.9254185954160747e-01, 8.2693436820537300e-02,
       -9.9636853432918404e-01, 2.0286431562038808e-02,
       8.8891069421603441e-01, 8.2947501757915265e-02,
       4.5050803506762016e-01 ]
R2: !!opencv-matrix
   rows: 3
   cols: 3
   dt: d
   data: [ -4.8892723953986766e-01, -5.5512544575658712e-02,
       8.7055643805020499e-01, 7.6938555297495922e-02,
       -9.9682806075066543e-01, -2.0353771365569699e-02,
       8.6892497555580639e-01, 5.7027841400523194e-02,
       4.9164744701924118e-01 ]
P1: !!opencv-matrix
   rows: 3
   cols: 4
   dt: d
   data: [ 1.6845720888347529e+02, 0., -5.2038942909240723e+02, 0., 0.,
       1.6845720888347529e+02, 2.8259815323352814e+02, 0., 0., 0., 1.,
       0. ]
P2: !!opencv-matrix
   rows: 3
   cols: 4
   dt: d
   data: [ 1.6845720888347529e+02, 0., -5.2038942909240723e+02,
       -1.4784876089031544e+01, 0., 1.6845720888347529e+02,
       2.8259815323352814e+02, 0., 0., 0., 1., 0. ]
Q: !!opencv-matrix
   rows: 4
   cols: 4
   dt: d
   data: [ 1., 0., 0., 5.2038942909240723e+02, 0., 1., 0.,
       -2.8259815323352814e+02, 0., 0., 0., 1.6845720888347529e+02, 0.,
       0., 1.1393887095776787e+01, 0. ]
