%YAML:1.0
---
K1: !!opencv-matrix
   rows: 3
   cols: 3
   dt: d
   data: [ 4.2362228378184125e+02, 0., 3.4719610012352427e+02, 0.,
       4.2523956075251704e+02, 2.5576293846781928e+02, 0., 0., 1. ]
D1: !!opencv-matrix
   rows: 1
   cols: 5
   dt: d
   data: [ -4.3278734899355858e-01, 2.4970137226106520e-01,
       1.8648698643537851e-03, -1.2555351067340965e-03,
       -8.2191636819834060e-02 ]
K2: !!opencv-matrix
   rows: 3
   cols: 3
   dt: d
   data: [ 3.5075769498580900e+02, 0., 3.8288596330017208e+02, 0.,
       3.5048124863463272e+02, 2.7443395187982543e+02, 0., 0., 1. ]
D2: !!opencv-matrix
   rows: 1
   cols: 5
   dt: d
   data: [ -3.5957137733922073e-01, 2.9367312170500615e-01,
       -1.1574313605690096e-02, -2.5881273655304706e-02,
       -1.1507842647993267e-01 ]
R: !!opencv-matrix
   rows: 3
   cols: 3
   dt: d
   data: [ 9.9293966980584802e-01, 2.3016025891572189e-03,
       -1.1859812288301673e-01, -9.6209758028451900e-03,
       9.9808036370358000e-01, -6.1180261636662583e-02,
       1.1822964497305495e-01, 6.1889338458663498e-02,
       9.9105573043835149e-01 ]
T: !!opencv-matrix
   rows: 3
   cols: 1
   dt: d
   data: [ 7.1812227067718545e-02, 5.8864999527700581e-03,
       -4.8930291903608321e-02 ]
E: !!opencv-matrix
   rows: 3
   cols: 3
   dt: d
   data: [ 2.2520164511914112e-04, 4.9200675127189619e-02,
       2.8402814497968214e-03, -5.7075161997213381e-02,
       -4.5570293129979927e-03, -6.5366878379116533e-02,
       -6.5358430183825858e-03, 7.1660825326580219e-02,
       -3.6953629959649479e-03 ]
F: !!opencv-matrix
   rows: 3
   cols: 3
   dt: d
   data: [ 4.0598526062645827e-06, 8.8359837083021211e-04,
       -2.0571031529274839e-01, -1.0297416542764093e-03,
       -8.1904560928539017e-05, -1.2112408780605999e-01,
       2.3971331230174642e-01, 1.3557172694792147e-01,
       9.9999999999999989e-01 ]
R1: !!opencv-matrix
   rows: 3
   cols: 3
   dt: d
   data: [ 7.5162007494643501e-01, 3.4584809445287620e-02,
       -6.5868896597191340e-01, -5.4641914273689758e-02,
       9.9845667121624337e-01, -9.9265758590166044e-03,
       6.5732908359665798e-01, 4.3453039702778168e-02,
       7.5234985824320222e-01 ]
R2: !!opencv-matrix
   rows: 3
   cols: 3
   dt: d
   data: [ 8.2451226445174930e-01, 6.7585863911123895e-02,
       -5.6179326871015078e-01, -5.0780800593309111e-02,
       9.9767301659303320e-01, 4.5495738847277062e-02,
       5.6356085390998478e-01, -8.9834827068403338e-03,
       8.2602570237172679e-01 ]
P1: !!opencv-matrix
   rows: 3
   cols: 4
   dt: d
   data: [ 1.2715967828201502e+02, 0., 1.5510355939865112e+03, 0., 0.,
       1.2715967828201502e+02, 1.4960268020629883e+02, 0., 0., 0., 1.,
       0. ]
P2: !!opencv-matrix
   rows: 3
   cols: 4
   dt: d
   data: [ 1.2715967828201502e+02, 0., 1.5510355939865112e+03,
       1.1075177513239391e+01, 0., 1.2715967828201502e+02,
       1.4960268020629883e+02, 0., 0., 0., 1., 0. ]
Q: !!opencv-matrix
   rows: 4
   cols: 4
   dt: d
   data: [ 1., 0., 0., -1.5510355939865112e+03, 0., 1., 0.,
       -1.4960268020629883e+02, 0., 0., 0., 1.2715967828201502e+02, 0.,
       0., -1.1481502497816123e+01, 0. ]
