%YAML:1.0
---
K1: !!opencv-matrix
   rows: 3
   cols: 3
   dt: d
   data: [ 1., 0., 0., 0., 1., 0., 0., 0., 1. ]
D1: !!opencv-matrix
   rows: 1
   cols: 5
   dt: d
   data: [ 0., 0., 0., 0., 0. ]
K2: !!opencv-matrix
   rows: 3
   cols: 3
   dt: d
   data: [ 1., 0., 0., 0., 1., 0., 0., 0., 1. ]
D2: !!opencv-matrix
   rows: 1
   cols: 5
   dt: d
   data: [ 0., 0., 0., 0., 0. ]
R: !!opencv-matrix
   rows: 3
   cols: 3
   dt: d
   data: [ 9.9966854205722688e-01, 2.5745019338829250e-02,
       -6.4945157029743823e-07, -2.5745019339079078e-02,
       9.9966854205735944e-01, -3.7929658735793238e-07,
       6.3947130643942097e-07, 3.9589100972848861e-07,
       9.9999999999971723e-01 ]
T: !!opencv-matrix
   rows: 3
   cols: 1
   dt: d
   data: [ 4.7355381395541976e-02, -2.7393035698868220e-03,
       -2.9201410716124939e-05 ]
E: !!opencv-matrix
   rows: 3
   cols: 3
   dt: d
   data: [ -7.5354258964759722e-07, 2.9190647210950533e-05,
       -2.7393035809620430e-03, -2.9222014084210844e-05,
       -7.7053845336449110e-07, -4.7355381376563685e-02,
       1.5192303961232224e-03, 4.7410208501633307e-02,
       -1.9740779561346767e-08 ]
F: !!opencv-matrix
   rows: 3
   cols: 3
   dt: d
   data: [ 3.8171876004484830e+01, -1.4786977951016172e+03,
       1.3876369838634483e+05, 1.4802867330238930e+03,
       3.9032828008131766e+01, 2.3988607556961635e+06,
       -7.6958986923593242e+04, -2.4016381092904955e+06, 1. ]
R1: !!opencv-matrix
   rows: 3
   cols: 3
   dt: d
   data: [ 9.9948678436174443e-01, -3.2027927391182369e-02,
       -6.1624122310221174e-04, 3.2027924822897923e-02,
       9.9948697431955946e-01, -1.4038206367356267e-05,
       6.1637469018365040e-04, -5.7059258259728231e-06,
       9.9999981002482385e-01 ]
R2: !!opencv-matrix
   rows: 3
   cols: 3
   dt: d
   data: [ 9.9833093731852141e-01, -5.7749117839066763e-02,
       -6.1561475955078729e-04, 5.7749120404702592e-02,
       9.9833112688472414e-01, -1.3622037520949485e-05,
       6.1537403727921142e-04, -2.1951909385732882e-05,
       9.9999981041643604e-01 ]
P1: !!opencv-matrix
   rows: 3
   cols: 4
   dt: d
   data: [ 1.0896161035237750e+04, 0., 6.7171110593662888e+01, 0., 0.,
       1.0896161035237750e+04, 2.6185618997081860e+01, 0., 0., 0., 1.,
       0. ]
P2: !!opencv-matrix
   rows: 3
   cols: 4
   dt: d
   data: [ 1.0896161035237750e+04, 0., 6.7171110593662888e+01,
       5.1685452416897101e+02, 0., 1.0896161035237750e+04,
       2.6185618997081860e+01, 0., 0., 0., 1., 0. ]
Q: !!opencv-matrix
   rows: 4
   cols: 4
   dt: d
   data: [ 1., 0., 0., -6.7171110593662888e+01, 0., 1., 0.,
       -2.6185618997081860e+01, 0., 0., 0., 1.0896161035237750e+04, 0.,
       0., -2.1081678742693093e+01, 0. ]
